10000
2000000
2000001
2000002
2000003
2000004
2000005
2000006
2000007
2000008
2000009
2000010
2000011
2000012
2000013
2000014
2000015
2000016
2000017
2000018
2000019
2000020
2000021
2000022
2000023
2000024
2000025
2000026
2000027
2000028
2000029
2000030
2000031
2000032
2000033
2000034
2000035
2000036
2000037
2000038
2000039
2000040
2000041
2000042
2000043
2000044
2000045
2000046
2000047
2000048
2000049
2000050
2000051
2000052
2000053
2000054
2000055
2000056
2000057
2000058
2000059
2000060
2000061
2000062
2000063
2000064
2000065
2000066
2000067
2000068
2000069
2000070
2000071
2000072
2000073
2000074
2000075
2000076
2000077
2000078
2000079
2000080
2000081
2000082
2000083
2000084
2000085
2000086
2000087
2000088
2000089
2000090
2000091
2000092
2000093
2000094
2000095
2000096
2000097
2000098
2000099
2000100
2000101
2000102
2000103
2000104
2000105
2000106
2000107
2000108
2000109
2000110
2000111
2000112
2000113
2000114
2000115
2000116
2000117
2000118
2000119
2000120
2000121
2000122
2000123
2000124
2000125
2000126
2000127
2000128
2000129
2000130
2000131
2000132
2000133
2000134
2000135
2000136
2000137
2000138
2000139
2000140
2000141
2000142
2000143
2000144
2000145
2000146
2000147
2000148
2000149
2000150
2000151
2000152
2000153
2000154
2000155
2000156
2000157
2000158
2000159
2000160
2000161
2000162
2000163
2000164
2000165
2000166
2000167
2000168
2000169
2000170
2000171
2000172
2000173
2000174
2000175
2000176
2000177
2000178
2000179
2000180
2000181
2000182
2000183
2000184
2000185
2000186
2000187
2000188
2000189
2000190
2000191
2000192
2000193
2000194
2000195
2000196
2000197
2000198
2000199
2000200
2000201
2000202
2000203
2000204
2000205
2000206
2000207
2000208
2000209
2000210
2000211
2000212
2000213
2000214
2000215
2000216
2000217
2000218
2000219
2000220
2000221
2000222
2000223
2000224
2000225
2000226
2000227
2000228
2000229
2000230
2000231
2000232
2000233
2000234
2000235
2000236
2000237
2000238
2000239
2000240
2000241
2000242
2000243
2000244
2000245
2000246
2000247
2000248
2000249
2000250
2000251
2000252
2000253
2000254
2000255
2000256
2000257
2000258
2000259
2000260
2000261
2000262
2000263
2000264
2000265
2000266
2000267
2000268
2000269
2000270
2000271
2000272
2000273
2000274
2000275
2000276
2000277
2000278
2000279
2000280
2000281
2000282
2000283
2000284
2000285
2000286
2000287
2000288
2000289
2000290
2000291
2000292
2000293
2000294
2000295
2000296
2000297
2000298
2000299
2000300
2000301
2000302
2000303
2000304
2000305
2000306
2000307
2000308
2000309
2000310
2000311
2000312
2000313
2000314
2000315
2000316
2000317
2000318
2000319
2000320
2000321
2000322
2000323
2000324
2000325
2000326
2000327
2000328
2000329
2000330
2000331
2000332
2000333
2000334
2000335
2000336
2000337
2000338
2000339
2000340
2000341
2000342
2000343
2000344
2000345
2000346
2000347
2000348
2000349
2000350
2000351
2000352
2000353
2000354
2000355
2000356
2000357
2000358
2000359
2000360
2000361
2000362
2000363
2000364
2000365
2000366
2000367
2000368
2000369
2000370
2000371
2000372
2000373
2000374
2000375
2000376
2000377
2000378
2000379
2000380
2000381
2000382
2000383
2000384
2000385
2000386
2000387
2000388
2000389
2000390
2000391
2000392
2000393
2000394
2000395
2000396
2000397
2000398
2000399
2000400
2000401
2000402
2000403
2000404
2000405
2000406
2000407
2000408
2000409
2000410
2000411
2000412
2000413
2000414
2000415
2000416
2000417
2000418
2000419
2000420
2000421
2000422
2000423
2000424
2000425
2000426
2000427
2000428
2000429
2000430
2000431
2000432
2000433
2000434
2000435
2000436
2000437
2000438
2000439
2000440
2000441
2000442
2000443
2000444
2000445
2000446
2000447
2000448
2000449
2000450
2000451
2000452
2000453
2000454
2000455
2000456
2000457
2000458
2000459
2000460
2000461
2000462
2000463
2000464
2000465
2000466
2000467
2000468
2000469
2000470
2000471
2000472
2000473
2000474
2000475
2000476
2000477
2000478
2000479
2000480
2000481
2000482
2000483
2000484
2000485
2000486
2000487
2000488
2000489
2000490
2000491
2000492
2000493
2000494
2000495
2000496
2000497
2000498
2000499
2000500
2000501
2000502
2000503
2000504
2000505
2000506
2000507
2000508
2000509
2000510
2000511
2000512
2000513
2000514
2000515
2000516
2000517
2000518
2000519
2000520
2000521
2000522
2000523
2000524
2000525
2000526
2000527
2000528
2000529
2000530
2000531
2000532
2000533
2000534
2000535
2000536
2000537
2000538
2000539
2000540
2000541
2000542
2000543
2000544
2000545
2000546
2000547
2000548
2000549
2000550
2000551
2000552
2000553
2000554
2000555
2000556
2000557
2000558
2000559
2000560
2000561
2000562
2000563
2000564
2000565
2000566
2000567
2000568
2000569
2000570
2000571
2000572
2000573
2000574
2000575
2000576
2000577
2000578
2000579
2000580
2000581
2000582
2000583
2000584
2000585
2000586
2000587
2000588
2000589
2000590
2000591
2000592
2000593
2000594
2000595
2000596
2000597
2000598
2000599
2000600
2000601
2000602
2000603
2000604
2000605
2000606
2000607
2000608
2000609
2000610
2000611
2000612
2000613
2000614
2000615
2000616
2000617
2000618
2000619
2000620
2000621
2000622
2000623
2000624
2000625
2000626
2000627
2000628
2000629
2000630
2000631
2000632
2000633
2000634
2000635
2000636
2000637
2000638
2000639
2000640
2000641
2000642
2000643
2000644
2000645
2000646
2000647
2000648
2000649
2000650
2000651
2000652
2000653
2000654
2000655
2000656
2000657
2000658
2000659
2000660
2000661
2000662
2000663
2000664
2000665
2000666
2000667
2000668
2000669
2000670
2000671
2000672
2000673
2000674
2000675
2000676
2000677
2000678
2000679
2000680
2000681
2000682
2000683
2000684
2000685
2000686
2000687
2000688
2000689
2000690
2000691
2000692
2000693
2000694
2000695
2000696
2000697
2000698
2000699
2000700
2000701
2000702
2000703
2000704
2000705
2000706
2000707
2000708
2000709
2000710
2000711
2000712
2000713
2000714
2000715
2000716
2000717
2000718
2000719
2000720
2000721
2000722
2000723
2000724
2000725
2000726
2000727
2000728
2000729
2000730
2000731
2000732
2000733
2000734
2000735
2000736
2000737
2000738
2000739
2000740
2000741
2000742
2000743
2000744
2000745
2000746
2000747
2000748
2000749
2000750
2000751
2000752
2000753
2000754
2000755
2000756
2000757
2000758
2000759
2000760
2000761
2000762
2000763
2000764
2000765
2000766
2000767
2000768
2000769
2000770
2000771
2000772
2000773
2000774
2000775
2000776
2000777
2000778
2000779
2000780
2000781
2000782
2000783
2000784
2000785
2000786
2000787
2000788
2000789
2000790
2000791
2000792
2000793
2000794
2000795
2000796
2000797
2000798
2000799
2000800
2000801
2000802
2000803
2000804
2000805
2000806
2000807
2000808
2000809
2000810
2000811
2000812
2000813
2000814
2000815
2000816
2000817
2000818
2000819
2000820
2000821
2000822
2000823
2000824
2000825
2000826
2000827
2000828
2000829
2000830
2000831
2000832
2000833
2000834
2000835
2000836
2000837
2000838
2000839
2000840
2000841
2000842
2000843
2000844
2000845
2000846
2000847
2000848
2000849
2000850
2000851
2000852
2000853
2000854
2000855
2000856
2000857
2000858
2000859
2000860
2000861
2000862
2000863
2000864
2000865
2000866
2000867
2000868
2000869
2000870
2000871
2000872
2000873
2000874
2000875
2000876
2000877
2000878
2000879
2000880
2000881
2000882
2000883
2000884
2000885
2000886
2000887
2000888
2000889
2000890
2000891
2000892
2000893
2000894
2000895
2000896
2000897
2000898
2000899
2000900
2000901
2000902
2000903
2000904
2000905
2000906
2000907
2000908
2000909
2000910
2000911
2000912
2000913
2000914
2000915
2000916
2000917
2000918
2000919
2000920
2000921
2000922
2000923
2000924
2000925
2000926
2000927
2000928
2000929
2000930
2000931
2000932
2000933
2000934
2000935
2000936
2000937
2000938
2000939
2000940
2000941
2000942
2000943
2000944
2000945
2000946
2000947
2000948
2000949
2000950
2000951
2000952
2000953
2000954
2000955
2000956
2000957
2000958
2000959
2000960
2000961
2000962
2000963
2000964
2000965
2000966
2000967
2000968
2000969
2000970
2000971
2000972
2000973
2000974
2000975
2000976
2000977
2000978
2000979
2000980
2000981
2000982
2000983
2000984
2000985
2000986
2000987
2000988
2000989
2000990
2000991
2000992
2000993
2000994
2000995
2000996
2000997
2000998
2000999
2001000
2001001
2001002
2001003
2001004
2001005
2001006
2001007
2001008
2001009
2001010
2001011
2001012
2001013
2001014
2001015
2001016
2001017
2001018
2001019
2001020
2001021
2001022
2001023
2001024
2001025
2001026
2001027
2001028
2001029
2001030
2001031
2001032
2001033
2001034
2001035
2001036
2001037
2001038
2001039
2001040
2001041
2001042
2001043
2001044
2001045
2001046
2001047
2001048
2001049
2001050
2001051
2001052
2001053
2001054
2001055
2001056
2001057
2001058
2001059
2001060
2001061
2001062
2001063
2001064
2001065
2001066
2001067
2001068
2001069
2001070
2001071
2001072
2001073
2001074
2001075
2001076
2001077
2001078
2001079
2001080
2001081
2001082
2001083
2001084
2001085
2001086
2001087
2001088
2001089
2001090
2001091
2001092
2001093
2001094
2001095
2001096
2001097
2001098
2001099
2001100
2001101
2001102
2001103
2001104
2001105
2001106
2001107
2001108
2001109
2001110
2001111
2001112
2001113
2001114
2001115
2001116
2001117
2001118
2001119
2001120
2001121
2001122
2001123
2001124
2001125
2001126
2001127
2001128
2001129
2001130
2001131
2001132
2001133
2001134
2001135
2001136
2001137
2001138
2001139
2001140
2001141
2001142
2001143
2001144
2001145
2001146
2001147
2001148
2001149
2001150
2001151
2001152
2001153
2001154
2001155
2001156
2001157
2001158
2001159
2001160
2001161
2001162
2001163
2001164
2001165
2001166
2001167
2001168
2001169
2001170
2001171
2001172
2001173
2001174
2001175
2001176
2001177
2001178
2001179
2001180
2001181
2001182
2001183
2001184
2001185
2001186
2001187
2001188
2001189
2001190
2001191
2001192
2001193
2001194
2001195
2001196
2001197
2001198
2001199
2001200
2001201
2001202
2001203
2001204
2001205
2001206
2001207
2001208
2001209
2001210
2001211
2001212
2001213
2001214
2001215
2001216
2001217
2001218
2001219
2001220
2001221
2001222
2001223
2001224
2001225
2001226
2001227
2001228
2001229
2001230
2001231
2001232
2001233
2001234
2001235
2001236
2001237
2001238
2001239
2001240
2001241
2001242
2001243
2001244
2001245
2001246
2001247
2001248
2001249
2001250
2001251
2001252
2001253
2001254
2001255
2001256
2001257
2001258
2001259
2001260
2001261
2001262
2001263
2001264
2001265
2001266
2001267
2001268
2001269
2001270
2001271
2001272
2001273
2001274
2001275
2001276
2001277
2001278
2001279
2001280
2001281
2001282
2001283
2001284
2001285
2001286
2001287
2001288
2001289
2001290
2001291
2001292
2001293
2001294
2001295
2001296
2001297
2001298
2001299
2001300
2001301
2001302
2001303
2001304
2001305
2001306
2001307
2001308
2001309
2001310
2001311
2001312
2001313
2001314
2001315
2001316
2001317
2001318
2001319
2001320
2001321
2001322
2001323
2001324
2001325
2001326
2001327
2001328
2001329
2001330
2001331
2001332
2001333
2001334
2001335
2001336
2001337
2001338
2001339
2001340
2001341
2001342
2001343
2001344
2001345
2001346
2001347
2001348
2001349
2001350
2001351
2001352
2001353
2001354
2001355
2001356
2001357
2001358
2001359
2001360
2001361
2001362
2001363
2001364
2001365
2001366
2001367
2001368
2001369
2001370
2001371
2001372
2001373
2001374
2001375
2001376
2001377
2001378
2001379
2001380
2001381
2001382
2001383
2001384
2001385
2001386
2001387
2001388
2001389
2001390
2001391
2001392
2001393
2001394
2001395
2001396
2001397
2001398
2001399
2001400
2001401
2001402
2001403
2001404
2001405
2001406
2001407
2001408
2001409
2001410
2001411
2001412
2001413
2001414
2001415
2001416
2001417
2001418
2001419
2001420
2001421
2001422
2001423
2001424
2001425
2001426
2001427
2001428
2001429
2001430
2001431
2001432
2001433
2001434
2001435
2001436
2001437
2001438
2001439
2001440
2001441
2001442
2001443
2001444
2001445
2001446
2001447
2001448
2001449
2001450
2001451
2001452
2001453
2001454
2001455
2001456
2001457
2001458
2001459
2001460
2001461
2001462
2001463
2001464
2001465
2001466
2001467
2001468
2001469
2001470
2001471
2001472
2001473
2001474
2001475
2001476
2001477
2001478
2001479
2001480
2001481
2001482
2001483
2001484
2001485
2001486
2001487
2001488
2001489
2001490
2001491
2001492
2001493
2001494
2001495
2001496
2001497
2001498
2001499
2001500
2001501
2001502
2001503
2001504
2001505
2001506
2001507
2001508
2001509
2001510
2001511
2001512
2001513
2001514
2001515
2001516
2001517
2001518
2001519
2001520
2001521
2001522
2001523
2001524
2001525
2001526
2001527
2001528
2001529
2001530
2001531
2001532
2001533
2001534
2001535
2001536
2001537
2001538
2001539
2001540
2001541
2001542
2001543
2001544
2001545
2001546
2001547
2001548
2001549
2001550
2001551
2001552
2001553
2001554
2001555
2001556
2001557
2001558
2001559
2001560
2001561
2001562
2001563
2001564
2001565
2001566
2001567
2001568
2001569
2001570
2001571
2001572
2001573
2001574
2001575
2001576
2001577
2001578
2001579
2001580
2001581
2001582
2001583
2001584
2001585
2001586
2001587
2001588
2001589
2001590
2001591
2001592
2001593
2001594
2001595
2001596
2001597
2001598
2001599
2001600
2001601
2001602
2001603
2001604
2001605
2001606
2001607
2001608
2001609
2001610
2001611
2001612
2001613
2001614
2001615
2001616
2001617
2001618
2001619
2001620
2001621
2001622
2001623
2001624
2001625
2001626
2001627
2001628
2001629
2001630
2001631
2001632
2001633
2001634
2001635
2001636
2001637
2001638
2001639
2001640
2001641
2001642
2001643
2001644
2001645
2001646
2001647
2001648
2001649
2001650
2001651
2001652
2001653
2001654
2001655
2001656
2001657
2001658
2001659
2001660
2001661
2001662
2001663
2001664
2001665
2001666
2001667
2001668
2001669
2001670
2001671
2001672
2001673
2001674
2001675
2001676
2001677
2001678
2001679
2001680
2001681
2001682
2001683
2001684
2001685
2001686
2001687
2001688
2001689
2001690
2001691
2001692
2001693
2001694
2001695
2001696
2001697
2001698
2001699
2001700
2001701
2001702
2001703
2001704
2001705
2001706
2001707
2001708
2001709
2001710
2001711
2001712
2001713
2001714
2001715
2001716
2001717
2001718
2001719
2001720
2001721
2001722
2001723
2001724
2001725
2001726
2001727
2001728
2001729
2001730
2001731
2001732
2001733
2001734
2001735
2001736
2001737
2001738
2001739
2001740
2001741
2001742
2001743
2001744
2001745
2001746
2001747
2001748
2001749
2001750
2001751
2001752
2001753
2001754
2001755
2001756
2001757
2001758
2001759
2001760
2001761
2001762
2001763
2001764
2001765
2001766
2001767
2001768
2001769
2001770
2001771
2001772
2001773
2001774
2001775
2001776
2001777
2001778
2001779
2001780
2001781
2001782
2001783
2001784
2001785
2001786
2001787
2001788
2001789
2001790
2001791
2001792
2001793
2001794
2001795
2001796
2001797
2001798
2001799
2001800
2001801
2001802
2001803
2001804
2001805
2001806
2001807
2001808
2001809
2001810
2001811
2001812
2001813
2001814
2001815
2001816
2001817
2001818
2001819
2001820
2001821
2001822
2001823
2001824
2001825
2001826
2001827
2001828
2001829
2001830
2001831
2001832
2001833
2001834
2001835
2001836
2001837
2001838
2001839
2001840
2001841
2001842
2001843
2001844
2001845
2001846
2001847
2001848
2001849
2001850
2001851
2001852
2001853
2001854
2001855
2001856
2001857
2001858
2001859
2001860
2001861
2001862
2001863
2001864
2001865
2001866
2001867
2001868
2001869
2001870
2001871
2001872
2001873
2001874
2001875
2001876
2001877
2001878
2001879
2001880
2001881
2001882
2001883
2001884
2001885
2001886
2001887
2001888
2001889
2001890
2001891
2001892
2001893
2001894
2001895
2001896
2001897
2001898
2001899
2001900
2001901
2001902
2001903
2001904
2001905
2001906
2001907
2001908
2001909
2001910
2001911
2001912
2001913
2001914
2001915
2001916
2001917
2001918
2001919
2001920
2001921
2001922
2001923
2001924
2001925
2001926
2001927
2001928
2001929
2001930
2001931
2001932
2001933
2001934
2001935
2001936
2001937
2001938
2001939
2001940
2001941
2001942
2001943
2001944
2001945
2001946
2001947
2001948
2001949
2001950
2001951
2001952
2001953
2001954
2001955
2001956
2001957
2001958
2001959
2001960
2001961
2001962
2001963
2001964
2001965
2001966
2001967
2001968
2001969
2001970
2001971
2001972
2001973
2001974
2001975
2001976
2001977
2001978
2001979
2001980
2001981
2001982
2001983
2001984
2001985
2001986
2001987
2001988
2001989
2001990
2001991
2001992
2001993
2001994
2001995
2001996
2001997
2001998
2001999
2002000
2002001
2002002
2002003
2002004
2002005
2002006
2002007
2002008
2002009
2002010
2002011
2002012
2002013
2002014
2002015
2002016
2002017
2002018
2002019
2002020
2002021
2002022
2002023
2002024
2002025
2002026
2002027
2002028
2002029
2002030
2002031
2002032
2002033
2002034
2002035
2002036
2002037
2002038
2002039
2002040
2002041
2002042
2002043
2002044
2002045
2002046
2002047
2002048
2002049
2002050
2002051
2002052
2002053
2002054
2002055
2002056
2002057
2002058
2002059
2002060
2002061
2002062
2002063
2002064
2002065
2002066
2002067
2002068
2002069
2002070
2002071
2002072
2002073
2002074
2002075
2002076
2002077
2002078
2002079
2002080
2002081
2002082
2002083
2002084
2002085
2002086
2002087
2002088
2002089
2002090
2002091
2002092
2002093
2002094
2002095
2002096
2002097
2002098
2002099
2002100
2002101
2002102
2002103
2002104
2002105
2002106
2002107
2002108
2002109
2002110
2002111
2002112
2002113
2002114
2002115
2002116
2002117
2002118
2002119
2002120
2002121
2002122
2002123
2002124
2002125
2002126
2002127
2002128
2002129
2002130
2002131
2002132
2002133
2002134
2002135
2002136
2002137
2002138
2002139
2002140
2002141
2002142
2002143
2002144
2002145
2002146
2002147
2002148
2002149
2002150
2002151
2002152
2002153
2002154
2002155
2002156
2002157
2002158
2002159
2002160
2002161
2002162
2002163
2002164
2002165
2002166
2002167
2002168
2002169
2002170
2002171
2002172
2002173
2002174
2002175
2002176
2002177
2002178
2002179
2002180
2002181
2002182
2002183
2002184
2002185
2002186
2002187
2002188
2002189
2002190
2002191
2002192
2002193
2002194
2002195
2002196
2002197
2002198
2002199
2002200
2002201
2002202
2002203
2002204
2002205
2002206
2002207
2002208
2002209
2002210
2002211
2002212
2002213
2002214
2002215
2002216
2002217
2002218
2002219
2002220
2002221
2002222
2002223
2002224
2002225
2002226
2002227
2002228
2002229
2002230
2002231
2002232
2002233
2002234
2002235
2002236
2002237
2002238
2002239
2002240
2002241
2002242
2002243
2002244
2002245
2002246
2002247
2002248
2002249
2002250
2002251
2002252
2002253
2002254
2002255
2002256
2002257
2002258
2002259
2002260
2002261
2002262
2002263
2002264
2002265
2002266
2002267
2002268
2002269
2002270
2002271
2002272
2002273
2002274
2002275
2002276
2002277
2002278
2002279
2002280
2002281
2002282
2002283
2002284
2002285
2002286
2002287
2002288
2002289
2002290
2002291
2002292
2002293
2002294
2002295
2002296
2002297
2002298
2002299
2002300
2002301
2002302
2002303
2002304
2002305
2002306
2002307
2002308
2002309
2002310
2002311
2002312
2002313
2002314
2002315
2002316
2002317
2002318
2002319
2002320
2002321
2002322
2002323
2002324
2002325
2002326
2002327
2002328
2002329
2002330
2002331
2002332
2002333
2002334
2002335
2002336
2002337
2002338
2002339
2002340
2002341
2002342
2002343
2002344
2002345
2002346
2002347
2002348
2002349
2002350
2002351
2002352
2002353
2002354
2002355
2002356
2002357
2002358
2002359
2002360
2002361
2002362
2002363
2002364
2002365
2002366
2002367
2002368
2002369
2002370
2002371
2002372
2002373
2002374
2002375
2002376
2002377
2002378
2002379
2002380
2002381
2002382
2002383
2002384
2002385
2002386
2002387
2002388
2002389
2002390
2002391
2002392
2002393
2002394
2002395
2002396
2002397
2002398
2002399
2002400
2002401
2002402
2002403
2002404
2002405
2002406
2002407
2002408
2002409
2002410
2002411
2002412
2002413
2002414
2002415
2002416
2002417
2002418
2002419
2002420
2002421
2002422
2002423
2002424
2002425
2002426
2002427
2002428
2002429
2002430
2002431
2002432
2002433
2002434
2002435
2002436
2002437
2002438
2002439
2002440
2002441
2002442
2002443
2002444
2002445
2002446
2002447
2002448
2002449
2002450
2002451
2002452
2002453
2002454
2002455
2002456
2002457
2002458
2002459
2002460
2002461
2002462
2002463
2002464
2002465
2002466
2002467
2002468
2002469
2002470
2002471
2002472
2002473
2002474
2002475
2002476
2002477
2002478
2002479
2002480
2002481
2002482
2002483
2002484
2002485
2002486
2002487
2002488
2002489
2002490
2002491
2002492
2002493
2002494
2002495
2002496
2002497
2002498
2002499
2002500
2002501
2002502
2002503
2002504
2002505
2002506
2002507
2002508
2002509
2002510
2002511
2002512
2002513
2002514
2002515
2002516
2002517
2002518
2002519
2002520
2002521
2002522
2002523
2002524
2002525
2002526
2002527
2002528
2002529
2002530
2002531
2002532
2002533
2002534
2002535
2002536
2002537
2002538
2002539
2002540
2002541
2002542
2002543
2002544
2002545
2002546
2002547
2002548
2002549
2002550
2002551
2002552
2002553
2002554
2002555
2002556
2002557
2002558
2002559
2002560
2002561
2002562
2002563
2002564
2002565
2002566
2002567
2002568
2002569
2002570
2002571
2002572
2002573
2002574
2002575
2002576
2002577
2002578
2002579
2002580
2002581
2002582
2002583
2002584
2002585
2002586
2002587
2002588
2002589
2002590
2002591
2002592
2002593
2002594
2002595
2002596
2002597
2002598
2002599
2002600
2002601
2002602
2002603
2002604
2002605
2002606
2002607
2002608
2002609
2002610
2002611
2002612
2002613
2002614
2002615
2002616
2002617
2002618
2002619
2002620
2002621
2002622
2002623
2002624
2002625
2002626
2002627
2002628
2002629
2002630
2002631
2002632
2002633
2002634
2002635
2002636
2002637
2002638
2002639
2002640
2002641
2002642
2002643
2002644
2002645
2002646
2002647
2002648
2002649
2002650
2002651
2002652
2002653
2002654
2002655
2002656
2002657
2002658
2002659
2002660
2002661
2002662
2002663
2002664
2002665
2002666
2002667
2002668
2002669
2002670
2002671
2002672
2002673
2002674
2002675
2002676
2002677
2002678
2002679
2002680
2002681
2002682
2002683
2002684
2002685
2002686
2002687
2002688
2002689
2002690
2002691
2002692
2002693
2002694
2002695
2002696
2002697
2002698
2002699
2002700
2002701
2002702
2002703
2002704
2002705
2002706
2002707
2002708
2002709
2002710
2002711
2002712
2002713
2002714
2002715
2002716
2002717
2002718
2002719
2002720
2002721
2002722
2002723
2002724
2002725
2002726
2002727
2002728
2002729
2002730
2002731
2002732
2002733
2002734
2002735
2002736
2002737
2002738
2002739
2002740
2002741
2002742
2002743
2002744
2002745
2002746
2002747
2002748
2002749
2002750
2002751
2002752
2002753
2002754
2002755
2002756
2002757
2002758
2002759
2002760
2002761
2002762
2002763
2002764
2002765
2002766
2002767
2002768
2002769
2002770
2002771
2002772
2002773
2002774
2002775
2002776
2002777
2002778
2002779
2002780
2002781
2002782
2002783
2002784
2002785
2002786
2002787
2002788
2002789
2002790
2002791
2002792
2002793
2002794
2002795
2002796
2002797
2002798
2002799
2002800
2002801
2002802
2002803
2002804
2002805
2002806
2002807
2002808
2002809
2002810
2002811
2002812
2002813
2002814
2002815
2002816
2002817
2002818
2002819
2002820
2002821
2002822
2002823
2002824
2002825
2002826
2002827
2002828
2002829
2002830
2002831
2002832
2002833
2002834
2002835
2002836
2002837
2002838
2002839
2002840
2002841
2002842
2002843
2002844
2002845
2002846
2002847
2002848
2002849
2002850
2002851
2002852
2002853
2002854
2002855
2002856
2002857
2002858
2002859
2002860
2002861
2002862
2002863
2002864
2002865
2002866
2002867
2002868
2002869
2002870
2002871
2002872
2002873
2002874
2002875
2002876
2002877
2002878
2002879
2002880
2002881
2002882
2002883
2002884
2002885
2002886
2002887
2002888
2002889
2002890
2002891
2002892
2002893
2002894
2002895
2002896
2002897
2002898
2002899
2002900
2002901
2002902
2002903
2002904
2002905
2002906
2002907
2002908
2002909
2002910
2002911
2002912
2002913
2002914
2002915
2002916
2002917
2002918
2002919
2002920
2002921
2002922
2002923
2002924
2002925
2002926
2002927
2002928
2002929
2002930
2002931
2002932
2002933
2002934
2002935
2002936
2002937
2002938
2002939
2002940
2002941
2002942
2002943
2002944
2002945
2002946
2002947
2002948
2002949
2002950
2002951
2002952
2002953
2002954
2002955
2002956
2002957
2002958
2002959
2002960
2002961
2002962
2002963
2002964
2002965
2002966
2002967
2002968
2002969
2002970
2002971
2002972
2002973
2002974
2002975
2002976
2002977
2002978
2002979
2002980
2002981
2002982
2002983
2002984
2002985
2002986
2002987
2002988
2002989
2002990
2002991
2002992
2002993
2002994
2002995
2002996
2002997
2002998
2002999
2003000
2003001
2003002
2003003
2003004
2003005
2003006
2003007
2003008
2003009
2003010
2003011
2003012
2003013
2003014
2003015
2003016
2003017
2003018
2003019
2003020
2003021
2003022
2003023
2003024
2003025
2003026
2003027
2003028
2003029
2003030
2003031
2003032
2003033
2003034
2003035
2003036
2003037
2003038
2003039
2003040
2003041
2003042
2003043
2003044
2003045
2003046
2003047
2003048
2003049
2003050
2003051
2003052
2003053
2003054
2003055
2003056
2003057
2003058
2003059
2003060
2003061
2003062
2003063
2003064
2003065
2003066
2003067
2003068
2003069
2003070
2003071
2003072
2003073
2003074
2003075
2003076
2003077
2003078
2003079
2003080
2003081
2003082
2003083
2003084
2003085
2003086
2003087
2003088
2003089
2003090
2003091
2003092
2003093
2003094
2003095
2003096
2003097
2003098
2003099
2003100
2003101
2003102
2003103
2003104
2003105
2003106
2003107
2003108
2003109
2003110
2003111
2003112
2003113
2003114
2003115
2003116
2003117
2003118
2003119
2003120
2003121
2003122
2003123
2003124
2003125
2003126
2003127
2003128
2003129
2003130
2003131
2003132
2003133
2003134
2003135
2003136
2003137
2003138
2003139
2003140
2003141
2003142
2003143
2003144
2003145
2003146
2003147
2003148
2003149
2003150
2003151
2003152
2003153
2003154
2003155
2003156
2003157
2003158
2003159
2003160
2003161
2003162
2003163
2003164
2003165
2003166
2003167
2003168
2003169
2003170
2003171
2003172
2003173
2003174
2003175
2003176
2003177
2003178
2003179
2003180
2003181
2003182
2003183
2003184
2003185
2003186
2003187
2003188
2003189
2003190
2003191
2003192
2003193
2003194
2003195
2003196
2003197
2003198
2003199
2003200
2003201
2003202
2003203
2003204
2003205
2003206
2003207
2003208
2003209
2003210
2003211
2003212
2003213
2003214
2003215
2003216
2003217
2003218
2003219
2003220
2003221
2003222
2003223
2003224
2003225
2003226
2003227
2003228
2003229
2003230
2003231
2003232
2003233
2003234
2003235
2003236
2003237
2003238
2003239
2003240
2003241
2003242
2003243
2003244
2003245
2003246
2003247
2003248
2003249
2003250
2003251
2003252
2003253
2003254
2003255
2003256
2003257
2003258
2003259
2003260
2003261
2003262
2003263
2003264
2003265
2003266
2003267
2003268
2003269
2003270
2003271
2003272
2003273
2003274
2003275
2003276
2003277
2003278
2003279
2003280
2003281
2003282
2003283
2003284
2003285
2003286
2003287
2003288
2003289
2003290
2003291
2003292
2003293
2003294
2003295
2003296
2003297
2003298
2003299
2003300
2003301
2003302
2003303
2003304
2003305
2003306
2003307
2003308
2003309
2003310
2003311
2003312
2003313
2003314
2003315
2003316
2003317
2003318
2003319
2003320
2003321
2003322
2003323
2003324
2003325
2003326
2003327
2003328
2003329
2003330
2003331
2003332
2003333
2003334
2003335
2003336
2003337
2003338
2003339
2003340
2003341
2003342
2003343
2003344
2003345
2003346
2003347
2003348
2003349
2003350
2003351
2003352
2003353
2003354
2003355
2003356
2003357
2003358
2003359
2003360
2003361
2003362
2003363
2003364
2003365
2003366
2003367
2003368
2003369
2003370
2003371
2003372
2003373
2003374
2003375
2003376
2003377
2003378
2003379
2003380
2003381
2003382
2003383
2003384
2003385
2003386
2003387
2003388
2003389
2003390
2003391
2003392
2003393
2003394
2003395
2003396
2003397
2003398
2003399
2003400
2003401
2003402
2003403
2003404
2003405
2003406
2003407
2003408
2003409
2003410
2003411
2003412
2003413
2003414
2003415
2003416
2003417
2003418
2003419
2003420
2003421
2003422
2003423
2003424
2003425
2003426
2003427
2003428
2003429
2003430
2003431
2003432
2003433
2003434
2003435
2003436
2003437
2003438
2003439
2003440
2003441
2003442
2003443
2003444
2003445
2003446
2003447
2003448
2003449
2003450
2003451
2003452
2003453
2003454
2003455
2003456
2003457
2003458
2003459
2003460
2003461
2003462
2003463
2003464
2003465
2003466
2003467
2003468
2003469
2003470
2003471
2003472
2003473
2003474
2003475
2003476
2003477
2003478
2003479
2003480
2003481
2003482
2003483
2003484
2003485
2003486
2003487
2003488
2003489
2003490
2003491
2003492
2003493
2003494
2003495
2003496
2003497
2003498
2003499
2003500
2003501
2003502
2003503
2003504
2003505
2003506
2003507
2003508
2003509
2003510
2003511
2003512
2003513
2003514
2003515
2003516
2003517
2003518
2003519
2003520
2003521
2003522
2003523
2003524
2003525
2003526
2003527
2003528
2003529
2003530
2003531
2003532
2003533
2003534
2003535
2003536
2003537
2003538
2003539
2003540
2003541
2003542
2003543
2003544
2003545
2003546
2003547
2003548
2003549
2003550
2003551
2003552
2003553
2003554
2003555
2003556
2003557
2003558
2003559
2003560
2003561
2003562
2003563
2003564
2003565
2003566
2003567
2003568
2003569
2003570
2003571
2003572
2003573
2003574
2003575
2003576
2003577
2003578
2003579
2003580
2003581
2003582
2003583
2003584
2003585
2003586
2003587
2003588
2003589
2003590
2003591
2003592
2003593
2003594
2003595
2003596
2003597
2003598
2003599
2003600
2003601
2003602
2003603
2003604
2003605
2003606
2003607
2003608
2003609
2003610
2003611
2003612
2003613
2003614
2003615
2003616
2003617
2003618
2003619
2003620
2003621
2003622
2003623
2003624
2003625
2003626
2003627
2003628
2003629
2003630
2003631
2003632
2003633
2003634
2003635
2003636
2003637
2003638
2003639
2003640
2003641
2003642
2003643
2003644
2003645
2003646
2003647
2003648
2003649
2003650
2003651
2003652
2003653
2003654
2003655
2003656
2003657
2003658
2003659
2003660
2003661
2003662
2003663
2003664
2003665
2003666
2003667
2003668
2003669
2003670
2003671
2003672
2003673
2003674
2003675
2003676
2003677
2003678
2003679
2003680
2003681
2003682
2003683
2003684
2003685
2003686
2003687
2003688
2003689
2003690
2003691
2003692
2003693
2003694
2003695
2003696
2003697
2003698
2003699
2003700
2003701
2003702
2003703
2003704
2003705
2003706
2003707
2003708
2003709
2003710
2003711
2003712
2003713
2003714
2003715
2003716
2003717
2003718
2003719
2003720
2003721
2003722
2003723
2003724
2003725
2003726
2003727
2003728
2003729
2003730
2003731
2003732
2003733
2003734
2003735
2003736
2003737
2003738
2003739
2003740
2003741
2003742
2003743
2003744
2003745
2003746
2003747
2003748
2003749
2003750
2003751
2003752
2003753
2003754
2003755
2003756
2003757
2003758
2003759
2003760
2003761
2003762
2003763
2003764
2003765
2003766
2003767
2003768
2003769
2003770
2003771
2003772
2003773
2003774
2003775
2003776
2003777
2003778
2003779
2003780
2003781
2003782
2003783
2003784
2003785
2003786
2003787
2003788
2003789
2003790
2003791
2003792
2003793
2003794
2003795
2003796
2003797
2003798
2003799
2003800
2003801
2003802
2003803
2003804
2003805
2003806
2003807
2003808
2003809
2003810
2003811
2003812
2003813
2003814
2003815
2003816
2003817
2003818
2003819
2003820
2003821
2003822
2003823
2003824
2003825
2003826
2003827
2003828
2003829
2003830
2003831
2003832
2003833
2003834
2003835
2003836
2003837
2003838
2003839
2003840
2003841
2003842
2003843
2003844
2003845
2003846
2003847
2003848
2003849
2003850
2003851
2003852
2003853
2003854
2003855
2003856
2003857
2003858
2003859
2003860
2003861
2003862
2003863
2003864
2003865
2003866
2003867
2003868
2003869
2003870
2003871
2003872
2003873
2003874
2003875
2003876
2003877
2003878
2003879
2003880
2003881
2003882
2003883
2003884
2003885
2003886
2003887
2003888
2003889
2003890
2003891
2003892
2003893
2003894
2003895
2003896
2003897
2003898
2003899
2003900
2003901
2003902
2003903
2003904
2003905
2003906
2003907
2003908
2003909
2003910
2003911
2003912
2003913
2003914
2003915
2003916
2003917
2003918
2003919
2003920
2003921
2003922
2003923
2003924
2003925
2003926
2003927
2003928
2003929
2003930
2003931
2003932
2003933
2003934
2003935
2003936
2003937
2003938
2003939
2003940
2003941
2003942
2003943
2003944
2003945
2003946
2003947
2003948
2003949
2003950
2003951
2003952
2003953
2003954
2003955
2003956
2003957
2003958
2003959
2003960
2003961
2003962
2003963
2003964
2003965
2003966
2003967
2003968
2003969
2003970
2003971
2003972
2003973
2003974
2003975
2003976
2003977
2003978
2003979
2003980
2003981
2003982
2003983
2003984
2003985
2003986
2003987
2003988
2003989
2003990
2003991
2003992
2003993
2003994
2003995
2003996
2003997
2003998
2003999
2004000
2004001
2004002
2004003
2004004
2004005
2004006
2004007
2004008
2004009
2004010
2004011
2004012
2004013
2004014
2004015
2004016
2004017
2004018
2004019
2004020
2004021
2004022
2004023
2004024
2004025
2004026
2004027
2004028
2004029
2004030
2004031
2004032
2004033
2004034
2004035
2004036
2004037
2004038
2004039
2004040
2004041
2004042
2004043
2004044
2004045
2004046
2004047
2004048
2004049
2004050
2004051
2004052
2004053
2004054
2004055
2004056
2004057
2004058
2004059
2004060
2004061
2004062
2004063
2004064
2004065
2004066
2004067
2004068
2004069
2004070
2004071
2004072
2004073
2004074
2004075
2004076
2004077
2004078
2004079
2004080
2004081
2004082
2004083
2004084
2004085
2004086
2004087
2004088
2004089
2004090
2004091
2004092
2004093
2004094
2004095
2004096
2004097
2004098
2004099
2004100
2004101
2004102
2004103
2004104
2004105
2004106
2004107
2004108
2004109
2004110
2004111
2004112
2004113
2004114
2004115
2004116
2004117
2004118
2004119
2004120
2004121
2004122
2004123
2004124
2004125
2004126
2004127
2004128
2004129
2004130
2004131
2004132
2004133
2004134
2004135
2004136
2004137
2004138
2004139
2004140
2004141
2004142
2004143
2004144
2004145
2004146
2004147
2004148
2004149
2004150
2004151
2004152
2004153
2004154
2004155
2004156
2004157
2004158
2004159
2004160
2004161
2004162
2004163
2004164
2004165
2004166
2004167
2004168
2004169
2004170
2004171
2004172
2004173
2004174
2004175
2004176
2004177
2004178
2004179
2004180
2004181
2004182
2004183
2004184
2004185
2004186
2004187
2004188
2004189
2004190
2004191
2004192
2004193
2004194
2004195
2004196
2004197
2004198
2004199
2004200
2004201
2004202
2004203
2004204
2004205
2004206
2004207
2004208
2004209
2004210
2004211
2004212
2004213
2004214
2004215
2004216
2004217
2004218
2004219
2004220
2004221
2004222
2004223
2004224
2004225
2004226
2004227
2004228
2004229
2004230
2004231
2004232
2004233
2004234
2004235
2004236
2004237
2004238
2004239
2004240
2004241
2004242
2004243
2004244
2004245
2004246
2004247
2004248
2004249
2004250
2004251
2004252
2004253
2004254
2004255
2004256
2004257
2004258
2004259
2004260
2004261
2004262
2004263
2004264
2004265
2004266
2004267
2004268
2004269
2004270
2004271
2004272
2004273
2004274
2004275
2004276
2004277
2004278
2004279
2004280
2004281
2004282
2004283
2004284
2004285
2004286
2004287
2004288
2004289
2004290
2004291
2004292
2004293
2004294
2004295
2004296
2004297
2004298
2004299
2004300
2004301
2004302
2004303
2004304
2004305
2004306
2004307
2004308
2004309
2004310
2004311
2004312
2004313
2004314
2004315
2004316
2004317
2004318
2004319
2004320
2004321
2004322
2004323
2004324
2004325
2004326
2004327
2004328
2004329
2004330
2004331
2004332
2004333
2004334
2004335
2004336
2004337
2004338
2004339
2004340
2004341
2004342
2004343
2004344
2004345
2004346
2004347
2004348
2004349
2004350
2004351
2004352
2004353
2004354
2004355
2004356
2004357
2004358
2004359
2004360
2004361
2004362
2004363
2004364
2004365
2004366
2004367
2004368
2004369
2004370
2004371
2004372
2004373
2004374
2004375
2004376
2004377
2004378
2004379
2004380
2004381
2004382
2004383
2004384
2004385
2004386
2004387
2004388
2004389
2004390
2004391
2004392
2004393
2004394
2004395
2004396
2004397
2004398
2004399
2004400
2004401
2004402
2004403
2004404
2004405
2004406
2004407
2004408
2004409
2004410
2004411
2004412
2004413
2004414
2004415
2004416
2004417
2004418
2004419
2004420
2004421
2004422
2004423
2004424
2004425
2004426
2004427
2004428
2004429
2004430
2004431
2004432
2004433
2004434
2004435
2004436
2004437
2004438
2004439
2004440
2004441
2004442
2004443
2004444
2004445
2004446
2004447
2004448
2004449
2004450
2004451
2004452
2004453
2004454
2004455
2004456
2004457
2004458
2004459
2004460
2004461
2004462
2004463
2004464
2004465
2004466
2004467
2004468
2004469
2004470
2004471
2004472
2004473
2004474
2004475
2004476
2004477
2004478
2004479
2004480
2004481
2004482
2004483
2004484
2004485
2004486
2004487
2004488
2004489
2004490
2004491
2004492
2004493
2004494
2004495
2004496
2004497
2004498
2004499
2004500
2004501
2004502
2004503
2004504
2004505
2004506
2004507
2004508
2004509
2004510
2004511
2004512
2004513
2004514
2004515
2004516
2004517
2004518
2004519
2004520
2004521
2004522
2004523
2004524
2004525
2004526
2004527
2004528
2004529
2004530
2004531
2004532
2004533
2004534
2004535
2004536
2004537
2004538
2004539
2004540
2004541
2004542
2004543
2004544
2004545
2004546
2004547
2004548
2004549
2004550
2004551
2004552
2004553
2004554
2004555
2004556
2004557
2004558
2004559
2004560
2004561
2004562
2004563
2004564
2004565
2004566
2004567
2004568
2004569
2004570
2004571
2004572
2004573
2004574
2004575
2004576
2004577
2004578
2004579
2004580
2004581
2004582
2004583
2004584
2004585
2004586
2004587
2004588
2004589
2004590
2004591
2004592
2004593
2004594
2004595
2004596
2004597
2004598
2004599
2004600
2004601
2004602
2004603
2004604
2004605
2004606
2004607
2004608
2004609
2004610
2004611
2004612
2004613
2004614
2004615
2004616
2004617
2004618
2004619
2004620
2004621
2004622
2004623
2004624
2004625
2004626
2004627
2004628
2004629
2004630
2004631
2004632
2004633
2004634
2004635
2004636
2004637
2004638
2004639
2004640
2004641
2004642
2004643
2004644
2004645
2004646
2004647
2004648
2004649
2004650
2004651
2004652
2004653
2004654
2004655
2004656
2004657
2004658
2004659
2004660
2004661
2004662
2004663
2004664
2004665
2004666
2004667
2004668
2004669
2004670
2004671
2004672
2004673
2004674
2004675
2004676
2004677
2004678
2004679
2004680
2004681
2004682
2004683
2004684
2004685
2004686
2004687
2004688
2004689
2004690
2004691
2004692
2004693
2004694
2004695
2004696
2004697
2004698
2004699
2004700
2004701
2004702
2004703
2004704
2004705
2004706
2004707
2004708
2004709
2004710
2004711
2004712
2004713
2004714
2004715
2004716
2004717
2004718
2004719
2004720
2004721
2004722
2004723
2004724
2004725
2004726
2004727
2004728
2004729
2004730
2004731
2004732
2004733
2004734
2004735
2004736
2004737
2004738
2004739
2004740
2004741
2004742
2004743
2004744
2004745
2004746
2004747
2004748
2004749
2004750
2004751
2004752
2004753
2004754
2004755
2004756
2004757
2004758
2004759
2004760
2004761
2004762
2004763
2004764
2004765
2004766
2004767
2004768
2004769
2004770
2004771
2004772
2004773
2004774
2004775
2004776
2004777
2004778
2004779
2004780
2004781
2004782
2004783
2004784
2004785
2004786
2004787
2004788
2004789
2004790
2004791
2004792
2004793
2004794
2004795
2004796
2004797
2004798
2004799
2004800
2004801
2004802
2004803
2004804
2004805
2004806
2004807
2004808
2004809
2004810
2004811
2004812
2004813
2004814
2004815
2004816
2004817
2004818
2004819
2004820
2004821
2004822
2004823
2004824
2004825
2004826
2004827
2004828
2004829
2004830
2004831
2004832
2004833
2004834
2004835
2004836
2004837
2004838
2004839
2004840
2004841
2004842
2004843
2004844
2004845
2004846
2004847
2004848
2004849
2004850
2004851
2004852
2004853
2004854
2004855
2004856
2004857
2004858
2004859
2004860
2004861
2004862
2004863
2004864
2004865
2004866
2004867
2004868
2004869
2004870
2004871
2004872
2004873
2004874
2004875
2004876
2004877
2004878
2004879
2004880
2004881
2004882
2004883
2004884
2004885
2004886
2004887
2004888
2004889
2004890
2004891
2004892
2004893
2004894
2004895
2004896
2004897
2004898
2004899
2004900
2004901
2004902
2004903
2004904
2004905
2004906
2004907
2004908
2004909
2004910
2004911
2004912
2004913
2004914
2004915
2004916
2004917
2004918
2004919
2004920
2004921
2004922
2004923
2004924
2004925
2004926
2004927
2004928
2004929
2004930
2004931
2004932
2004933
2004934
2004935
2004936
2004937
2004938
2004939
2004940
2004941
2004942
2004943
2004944
2004945
2004946
2004947
2004948
2004949
2004950
2004951
2004952
2004953
2004954
2004955
2004956
2004957
2004958
2004959
2004960
2004961
2004962
2004963
2004964
2004965
2004966
2004967
2004968
2004969
2004970
2004971
2004972
2004973
2004974
2004975
2004976
2004977
2004978
2004979
2004980
2004981
2004982
2004983
2004984
2004985
2004986
2004987
2004988
2004989
2004990
2004991
2004992
2004993
2004994
2004995
2004996
2004997
2004998
2004999
2005000
2005001
2005002
2005003
2005004
2005005
2005006
2005007
2005008
2005009
2005010
2005011
2005012
2005013
2005014
2005015
2005016
2005017
2005018
2005019
2005020
2005021
2005022
2005023
2005024
2005025
2005026
2005027
2005028
2005029
2005030
2005031
2005032
2005033
2005034
2005035
2005036
2005037
2005038
2005039
2005040
2005041
2005042
2005043
2005044
2005045
2005046
2005047
2005048
2005049
2005050
2005051
2005052
2005053
2005054
2005055
2005056
2005057
2005058
2005059
2005060
2005061
2005062
2005063
2005064
2005065
2005066
2005067
2005068
2005069
2005070
2005071
2005072
2005073
2005074
2005075
2005076
2005077
2005078
2005079
2005080
2005081
2005082
2005083
2005084
2005085
2005086
2005087
2005088
2005089
2005090
2005091
2005092
2005093
2005094
2005095
2005096
2005097
2005098
2005099
2005100
2005101
2005102
2005103
2005104
2005105
2005106
2005107
2005108
2005109
2005110
2005111
2005112
2005113
2005114
2005115
2005116
2005117
2005118
2005119
2005120
2005121
2005122
2005123
2005124
2005125
2005126
2005127
2005128
2005129
2005130
2005131
2005132
2005133
2005134
2005135
2005136
2005137
2005138
2005139
2005140
2005141
2005142
2005143
2005144
2005145
2005146
2005147
2005148
2005149
2005150
2005151
2005152
2005153
2005154
2005155
2005156
2005157
2005158
2005159
2005160
2005161
2005162
2005163
2005164
2005165
2005166
2005167
2005168
2005169
2005170
2005171
2005172
2005173
2005174
2005175
2005176
2005177
2005178
2005179
2005180
2005181
2005182
2005183
2005184
2005185
2005186
2005187
2005188
2005189
2005190
2005191
2005192
2005193
2005194
2005195
2005196
2005197
2005198
2005199
2005200
2005201
2005202
2005203
2005204
2005205
2005206
2005207
2005208
2005209
2005210
2005211
2005212
2005213
2005214
2005215
2005216
2005217
2005218
2005219
2005220
2005221
2005222
2005223
2005224
2005225
2005226
2005227
2005228
2005229
2005230
2005231
2005232
2005233
2005234
2005235
2005236
2005237
2005238
2005239
2005240
2005241
2005242
2005243
2005244
2005245
2005246
2005247
2005248
2005249
2005250
2005251
2005252
2005253
2005254
2005255
2005256
2005257
2005258
2005259
2005260
2005261
2005262
2005263
2005264
2005265
2005266
2005267
2005268
2005269
2005270
2005271
2005272
2005273
2005274
2005275
2005276
2005277
2005278
2005279
2005280
2005281
2005282
2005283
2005284
2005285
2005286
2005287
2005288
2005289
2005290
2005291
2005292
2005293
2005294
2005295
2005296
2005297
2005298
2005299
2005300
2005301
2005302
2005303
2005304
2005305
2005306
2005307
2005308
2005309
2005310
2005311
2005312
2005313
2005314
2005315
2005316
2005317
2005318
2005319
2005320
2005321
2005322
2005323
2005324
2005325
2005326
2005327
2005328
2005329
2005330
2005331
2005332
2005333
2005334
2005335
2005336
2005337
2005338
2005339
2005340
2005341
2005342
2005343
2005344
2005345
2005346
2005347
2005348
2005349
2005350
2005351
2005352
2005353
2005354
2005355
2005356
2005357
2005358
2005359
2005360
2005361
2005362
2005363
2005364
2005365
2005366
2005367
2005368
2005369
2005370
2005371
2005372
2005373
2005374
2005375
2005376
2005377
2005378
2005379
2005380
2005381
2005382
2005383
2005384
2005385
2005386
2005387
2005388
2005389
2005390
2005391
2005392
2005393
2005394
2005395
2005396
2005397
2005398
2005399
2005400
2005401
2005402
2005403
2005404
2005405
2005406
2005407
2005408
2005409
2005410
2005411
2005412
2005413
2005414
2005415
2005416
2005417
2005418
2005419
2005420
2005421
2005422
2005423
2005424
2005425
2005426
2005427
2005428
2005429
2005430
2005431
2005432
2005433
2005434
2005435
2005436
2005437
2005438
2005439
2005440
2005441
2005442
2005443
2005444
2005445
2005446
2005447
2005448
2005449
2005450
2005451
2005452
2005453
2005454
2005455
2005456
2005457
2005458
2005459
2005460
2005461
2005462
2005463
2005464
2005465
2005466
2005467
2005468
2005469
2005470
2005471
2005472
2005473
2005474
2005475
2005476
2005477
2005478
2005479
2005480
2005481
2005482
2005483
2005484
2005485
2005486
2005487
2005488
2005489
2005490
2005491
2005492
2005493
2005494
2005495
2005496
2005497
2005498
2005499
2005500
2005501
2005502
2005503
2005504
2005505
2005506
2005507
2005508
2005509
2005510
2005511
2005512
2005513
2005514
2005515
2005516
2005517
2005518
2005519
2005520
2005521
2005522
2005523
2005524
2005525
2005526
2005527
2005528
2005529
2005530
2005531
2005532
2005533
2005534
2005535
2005536
2005537
2005538
2005539
2005540
2005541
2005542
2005543
2005544
2005545
2005546
2005547
2005548
2005549
2005550
2005551
2005552
2005553
2005554
2005555
2005556
2005557
2005558
2005559
2005560
2005561
2005562
2005563
2005564
2005565
2005566
2005567
2005568
2005569
2005570
2005571
2005572
2005573
2005574
2005575
2005576
2005577
2005578
2005579
2005580
2005581
2005582
2005583
2005584
2005585
2005586
2005587
2005588
2005589
2005590
2005591
2005592
2005593
2005594
2005595
2005596
2005597
2005598
2005599
2005600
2005601
2005602
2005603
2005604
2005605
2005606
2005607
2005608
2005609
2005610
2005611
2005612
2005613
2005614
2005615
2005616
2005617
2005618
2005619
2005620
2005621
2005622
2005623
2005624
2005625
2005626
2005627
2005628
2005629
2005630
2005631
2005632
2005633
2005634
2005635
2005636
2005637
2005638
2005639
2005640
2005641
2005642
2005643
2005644
2005645
2005646
2005647
2005648
2005649
2005650
2005651
2005652
2005653
2005654
2005655
2005656
2005657
2005658
2005659
2005660
2005661
2005662
2005663
2005664
2005665
2005666
2005667
2005668
2005669
2005670
2005671
2005672
2005673
2005674
2005675
2005676
2005677
2005678
2005679
2005680
2005681
2005682
2005683
2005684
2005685
2005686
2005687
2005688
2005689
2005690
2005691
2005692
2005693
2005694
2005695
2005696
2005697
2005698
2005699
2005700
2005701
2005702
2005703
2005704
2005705
2005706
2005707
2005708
2005709
2005710
2005711
2005712
2005713
2005714
2005715
2005716
2005717
2005718
2005719
2005720
2005721
2005722
2005723
2005724
2005725
2005726
2005727
2005728
2005729
2005730
2005731
2005732
2005733
2005734
2005735
2005736
2005737
2005738
2005739
2005740
2005741
2005742
2005743
2005744
2005745
2005746
2005747
2005748
2005749
2005750
2005751
2005752
2005753
2005754
2005755
2005756
2005757
2005758
2005759
2005760
2005761
2005762
2005763
2005764
2005765
2005766
2005767
2005768
2005769
2005770
2005771
2005772
2005773
2005774
2005775
2005776
2005777
2005778
2005779
2005780
2005781
2005782
2005783
2005784
2005785
2005786
2005787
2005788
2005789
2005790
2005791
2005792
2005793
2005794
2005795
2005796
2005797
2005798
2005799
2005800
2005801
2005802
2005803
2005804
2005805
2005806
2005807
2005808
2005809
2005810
2005811
2005812
2005813
2005814
2005815
2005816
2005817
2005818
2005819
2005820
2005821
2005822
2005823
2005824
2005825
2005826
2005827
2005828
2005829
2005830
2005831
2005832
2005833
2005834
2005835
2005836
2005837
2005838
2005839
2005840
2005841
2005842
2005843
2005844
2005845
2005846
2005847
2005848
2005849
2005850
2005851
2005852
2005853
2005854
2005855
2005856
2005857
2005858
2005859
2005860
2005861
2005862
2005863
2005864
2005865
2005866
2005867
2005868
2005869
2005870
2005871
2005872
2005873
2005874
2005875
2005876
2005877
2005878
2005879
2005880
2005881
2005882
2005883
2005884
2005885
2005886
2005887
2005888
2005889
2005890
2005891
2005892
2005893
2005894
2005895
2005896
2005897
2005898
2005899
2005900
2005901
2005902
2005903
2005904
2005905
2005906
2005907
2005908
2005909
2005910
2005911
2005912
2005913
2005914
2005915
2005916
2005917
2005918
2005919
2005920
2005921
2005922
2005923
2005924
2005925
2005926
2005927
2005928
2005929
2005930
2005931
2005932
2005933
2005934
2005935
2005936
2005937
2005938
2005939
2005940
2005941
2005942
2005943
2005944
2005945
2005946
2005947
2005948
2005949
2005950
2005951
2005952
2005953
2005954
2005955
2005956
2005957
2005958
2005959
2005960
2005961
2005962
2005963
2005964
2005965
2005966
2005967
2005968
2005969
2005970
2005971
2005972
2005973
2005974
2005975
2005976
2005977
2005978
2005979
2005980
2005981
2005982
2005983
2005984
2005985
2005986
2005987
2005988
2005989
2005990
2005991
2005992
2005993
2005994
2005995
2005996
2005997
2005998
2005999
2006000
2006001
2006002
2006003
2006004
2006005
2006006
2006007
2006008
2006009
2006010
2006011
2006012
2006013
2006014
2006015
2006016
2006017
2006018
2006019
2006020
2006021
2006022
2006023
2006024
2006025
2006026
2006027
2006028
2006029
2006030
2006031
2006032
2006033
2006034
2006035
2006036
2006037
2006038
2006039
2006040
2006041
2006042
2006043
2006044
2006045
2006046
2006047
2006048
2006049
2006050
2006051
2006052
2006053
2006054
2006055
2006056
2006057
2006058
2006059
2006060
2006061
2006062
2006063
2006064
2006065
2006066
2006067
2006068
2006069
2006070
2006071
2006072
2006073
2006074
2006075
2006076
2006077
2006078
2006079
2006080
2006081
2006082
2006083
2006084
2006085
2006086
2006087
2006088
2006089
2006090
2006091
2006092
2006093
2006094
2006095
2006096
2006097
2006098
2006099
2006100
2006101
2006102
2006103
2006104
2006105
2006106
2006107
2006108
2006109
2006110
2006111
2006112
2006113
2006114
2006115
2006116
2006117
2006118
2006119
2006120
2006121
2006122
2006123
2006124
2006125
2006126
2006127
2006128
2006129
2006130
2006131
2006132
2006133
2006134
2006135
2006136
2006137
2006138
2006139
2006140
2006141
2006142
2006143
2006144
2006145
2006146
2006147
2006148
2006149
2006150
2006151
2006152
2006153
2006154
2006155
2006156
2006157
2006158
2006159
2006160
2006161
2006162
2006163
2006164
2006165
2006166
2006167
2006168
2006169
2006170
2006171
2006172
2006173
2006174
2006175
2006176
2006177
2006178
2006179
2006180
2006181
2006182
2006183
2006184
2006185
2006186
2006187
2006188
2006189
2006190
2006191
2006192
2006193
2006194
2006195
2006196
2006197
2006198
2006199
2006200
2006201
2006202
2006203
2006204
2006205
2006206
2006207
2006208
2006209
2006210
2006211
2006212
2006213
2006214
2006215
2006216
2006217
2006218
2006219
2006220
2006221
2006222
2006223
2006224
2006225
2006226
2006227
2006228
2006229
2006230
2006231
2006232
2006233
2006234
2006235
2006236
2006237
2006238
2006239
2006240
2006241
2006242
2006243
2006244
2006245
2006246
2006247
2006248
2006249
2006250
2006251
2006252
2006253
2006254
2006255
2006256
2006257
2006258
2006259
2006260
2006261
2006262
2006263
2006264
2006265
2006266
2006267
2006268
2006269
2006270
2006271
2006272
2006273
2006274
2006275
2006276
2006277
2006278
2006279
2006280
2006281
2006282
2006283
2006284
2006285
2006286
2006287
2006288
2006289
2006290
2006291
2006292
2006293
2006294
2006295
2006296
2006297
2006298
2006299
2006300
2006301
2006302
2006303
2006304
2006305
2006306
2006307
2006308
2006309
2006310
2006311
2006312
2006313
2006314
2006315
2006316
2006317
2006318
2006319
2006320
2006321
2006322
2006323
2006324
2006325
2006326
2006327
2006328
2006329
2006330
2006331
2006332
2006333
2006334
2006335
2006336
2006337
2006338
2006339
2006340
2006341
2006342
2006343
2006344
2006345
2006346
2006347
2006348
2006349
2006350
2006351
2006352
2006353
2006354
2006355
2006356
2006357
2006358
2006359
2006360
2006361
2006362
2006363
2006364
2006365
2006366
2006367
2006368
2006369
2006370
2006371
2006372
2006373
2006374
2006375
2006376
2006377
2006378
2006379
2006380
2006381
2006382
2006383
2006384
2006385
2006386
2006387
2006388
2006389
2006390
2006391
2006392
2006393
2006394
2006395
2006396
2006397
2006398
2006399
2006400
2006401
2006402
2006403
2006404
2006405
2006406
2006407
2006408
2006409
2006410
2006411
2006412
2006413
2006414
2006415
2006416
2006417
2006418
2006419
2006420
2006421
2006422
2006423
2006424
2006425
2006426
2006427
2006428
2006429
2006430
2006431
2006432
2006433
2006434
2006435
2006436
2006437
2006438
2006439
2006440
2006441
2006442
2006443
2006444
2006445
2006446
2006447
2006448
2006449
2006450
2006451
2006452
2006453
2006454
2006455
2006456
2006457
2006458
2006459
2006460
2006461
2006462
2006463
2006464
2006465
2006466
2006467
2006468
2006469
2006470
2006471
2006472
2006473
2006474
2006475
2006476
2006477
2006478
2006479
2006480
2006481
2006482
2006483
2006484
2006485
2006486
2006487
2006488
2006489
2006490
2006491
2006492
2006493
2006494
2006495
2006496
2006497
2006498
2006499
2006500
2006501
2006502
2006503
2006504
2006505
2006506
2006507
2006508
2006509
2006510
2006511
2006512
2006513
2006514
2006515
2006516
2006517
2006518
2006519
2006520
2006521
2006522
2006523
2006524
2006525
2006526
2006527
2006528
2006529
2006530
2006531
2006532
2006533
2006534
2006535
2006536
2006537
2006538
2006539
2006540
2006541
2006542
2006543
2006544
2006545
2006546
2006547
2006548
2006549
2006550
2006551
2006552
2006553
2006554
2006555
2006556
2006557
2006558
2006559
2006560
2006561
2006562
2006563
2006564
2006565
2006566
2006567
2006568
2006569
2006570
2006571
2006572
2006573
2006574
2006575
2006576
2006577
2006578
2006579
2006580
2006581
2006582
2006583
2006584
2006585
2006586
2006587
2006588
2006589
2006590
2006591
2006592
2006593
2006594
2006595
2006596
2006597
2006598
2006599
2006600
2006601
2006602
2006603
2006604
2006605
2006606
2006607
2006608
2006609
2006610
2006611
2006612
2006613
2006614
2006615
2006616
2006617
2006618
2006619
2006620
2006621
2006622
2006623
2006624
2006625
2006626
2006627
2006628
2006629
2006630
2006631
2006632
2006633
2006634
2006635
2006636
2006637
2006638
2006639
2006640
2006641
2006642
2006643
2006644
2006645
2006646
2006647
2006648
2006649
2006650
2006651
2006652
2006653
2006654
2006655
2006656
2006657
2006658
2006659
2006660
2006661
2006662
2006663
2006664
2006665
2006666
2006667
2006668
2006669
2006670
2006671
2006672
2006673
2006674
2006675
2006676
2006677
2006678
2006679
2006680
2006681
2006682
2006683
2006684
2006685
2006686
2006687
2006688
2006689
2006690
2006691
2006692
2006693
2006694
2006695
2006696
2006697
2006698
2006699
2006700
2006701
2006702
2006703
2006704
2006705
2006706
2006707
2006708
2006709
2006710
2006711
2006712
2006713
2006714
2006715
2006716
2006717
2006718
2006719
2006720
2006721
2006722
2006723
2006724
2006725
2006726
2006727
2006728
2006729
2006730
2006731
2006732
2006733
2006734
2006735
2006736
2006737
2006738
2006739
2006740
2006741
2006742
2006743
2006744
2006745
2006746
2006747
2006748
2006749
2006750
2006751
2006752
2006753
2006754
2006755
2006756
2006757
2006758
2006759
2006760
2006761
2006762
2006763
2006764
2006765
2006766
2006767
2006768
2006769
2006770
2006771
2006772
2006773
2006774
2006775
2006776
2006777
2006778
2006779
2006780
2006781
2006782
2006783
2006784
2006785
2006786
2006787
2006788
2006789
2006790
2006791
2006792
2006793
2006794
2006795
2006796
2006797
2006798
2006799
2006800
2006801
2006802
2006803
2006804
2006805
2006806
2006807
2006808
2006809
2006810
2006811
2006812
2006813
2006814
2006815
2006816
2006817
2006818
2006819
2006820
2006821
2006822
2006823
2006824
2006825
2006826
2006827
2006828
2006829
2006830
2006831
2006832
2006833
2006834
2006835
2006836
2006837
2006838
2006839
2006840
2006841
2006842
2006843
2006844
2006845
2006846
2006847
2006848
2006849
2006850
2006851
2006852
2006853
2006854
2006855
2006856
2006857
2006858
2006859
2006860
2006861
2006862
2006863
2006864
2006865
2006866
2006867
2006868
2006869
2006870
2006871
2006872
2006873
2006874
2006875
2006876
2006877
2006878
2006879
2006880
2006881
2006882
2006883
2006884
2006885
2006886
2006887
2006888
2006889
2006890
2006891
2006892
2006893
2006894
2006895
2006896
2006897
2006898
2006899
2006900
2006901
2006902
2006903
2006904
2006905
2006906
2006907
2006908
2006909
2006910
2006911
2006912
2006913
2006914
2006915
2006916
2006917
2006918
2006919
2006920
2006921
2006922
2006923
2006924
2006925
2006926
2006927
2006928
2006929
2006930
2006931
2006932
2006933
2006934
2006935
2006936
2006937
2006938
2006939
2006940
2006941
2006942
2006943
2006944
2006945
2006946
2006947
2006948
2006949
2006950
2006951
2006952
2006953
2006954
2006955
2006956
2006957
2006958
2006959
2006960
2006961
2006962
2006963
2006964
2006965
2006966
2006967
2006968
2006969
2006970
2006971
2006972
2006973
2006974
2006975
2006976
2006977
2006978
2006979
2006980
2006981
2006982
2006983
2006984
2006985
2006986
2006987
2006988
2006989
2006990
2006991
2006992
2006993
2006994
2006995
2006996
2006997
2006998
2006999
2007000
2007001
2007002
2007003
2007004
2007005
2007006
2007007
2007008
2007009
2007010
2007011
2007012
2007013
2007014
2007015
2007016
2007017
2007018
2007019
2007020
2007021
2007022
2007023
2007024
2007025
2007026
2007027
2007028
2007029
2007030
2007031
2007032
2007033
2007034
2007035
2007036
2007037
2007038
2007039
2007040
2007041
2007042
2007043
2007044
2007045
2007046
2007047
2007048
2007049
2007050
2007051
2007052
2007053
2007054
2007055
2007056
2007057
2007058
2007059
2007060
2007061
2007062
2007063
2007064
2007065
2007066
2007067
2007068
2007069
2007070
2007071
2007072
2007073
2007074
2007075
2007076
2007077
2007078
2007079
2007080
2007081
2007082
2007083
2007084
2007085
2007086
2007087
2007088
2007089
2007090
2007091
2007092
2007093
2007094
2007095
2007096
2007097
2007098
2007099
2007100
2007101
2007102
2007103
2007104
2007105
2007106
2007107
2007108
2007109
2007110
2007111
2007112
2007113
2007114
2007115
2007116
2007117
2007118
2007119
2007120
2007121
2007122
2007123
2007124
2007125
2007126
2007127
2007128
2007129
2007130
2007131
2007132
2007133
2007134
2007135
2007136
2007137
2007138
2007139
2007140
2007141
2007142
2007143
2007144
2007145
2007146
2007147
2007148
2007149
2007150
2007151
2007152
2007153
2007154
2007155
2007156
2007157
2007158
2007159
2007160
2007161
2007162
2007163
2007164
2007165
2007166
2007167
2007168
2007169
2007170
2007171
2007172
2007173
2007174
2007175
2007176
2007177
2007178
2007179
2007180
2007181
2007182
2007183
2007184
2007185
2007186
2007187
2007188
2007189
2007190
2007191
2007192
2007193
2007194
2007195
2007196
2007197
2007198
2007199
2007200
2007201
2007202
2007203
2007204
2007205
2007206
2007207
2007208
2007209
2007210
2007211
2007212
2007213
2007214
2007215
2007216
2007217
2007218
2007219
2007220
2007221
2007222
2007223
2007224
2007225
2007226
2007227
2007228
2007229
2007230
2007231
2007232
2007233
2007234
2007235
2007236
2007237
2007238
2007239
2007240
2007241
2007242
2007243
2007244
2007245
2007246
2007247
2007248
2007249
2007250
2007251
2007252
2007253
2007254
2007255
2007256
2007257
2007258
2007259
2007260
2007261
2007262
2007263
2007264
2007265
2007266
2007267
2007268
2007269
2007270
2007271
2007272
2007273
2007274
2007275
2007276
2007277
2007278
2007279
2007280
2007281
2007282
2007283
2007284
2007285
2007286
2007287
2007288
2007289
2007290
2007291
2007292
2007293
2007294
2007295
2007296
2007297
2007298
2007299
2007300
2007301
2007302
2007303
2007304
2007305
2007306
2007307
2007308
2007309
2007310
2007311
2007312
2007313
2007314
2007315
2007316
2007317
2007318
2007319
2007320
2007321
2007322
2007323
2007324
2007325
2007326
2007327
2007328
2007329
2007330
2007331
2007332
2007333
2007334
2007335
2007336
2007337
2007338
2007339
2007340
2007341
2007342
2007343
2007344
2007345
2007346
2007347
2007348
2007349
2007350
2007351
2007352
2007353
2007354
2007355
2007356
2007357
2007358
2007359
2007360
2007361
2007362
2007363
2007364
2007365
2007366
2007367
2007368
2007369
2007370
2007371
2007372
2007373
2007374
2007375
2007376
2007377
2007378
2007379
2007380
2007381
2007382
2007383
2007384
2007385
2007386
2007387
2007388
2007389
2007390
2007391
2007392
2007393
2007394
2007395
2007396
2007397
2007398
2007399
2007400
2007401
2007402
2007403
2007404
2007405
2007406
2007407
2007408
2007409
2007410
2007411
2007412
2007413
2007414
2007415
2007416
2007417
2007418
2007419
2007420
2007421
2007422
2007423
2007424
2007425
2007426
2007427
2007428
2007429
2007430
2007431
2007432
2007433
2007434
2007435
2007436
2007437
2007438
2007439
2007440
2007441
2007442
2007443
2007444
2007445
2007446
2007447
2007448
2007449
2007450
2007451
2007452
2007453
2007454
2007455
2007456
2007457
2007458
2007459
2007460
2007461
2007462
2007463
2007464
2007465
2007466
2007467
2007468
2007469
2007470
2007471
2007472
2007473
2007474
2007475
2007476
2007477
2007478
2007479
2007480
2007481
2007482
2007483
2007484
2007485
2007486
2007487
2007488
2007489
2007490
2007491
2007492
2007493
2007494
2007495
2007496
2007497
2007498
2007499
2007500
2007501
2007502
2007503
2007504
2007505
2007506
2007507
2007508
2007509
2007510
2007511
2007512
2007513
2007514
2007515
2007516
2007517
2007518
2007519
2007520
2007521
2007522
2007523
2007524
2007525
2007526
2007527
2007528
2007529
2007530
2007531
2007532
2007533
2007534
2007535
2007536
2007537
2007538
2007539
2007540
2007541
2007542
2007543
2007544
2007545
2007546
2007547
2007548
2007549
2007550
2007551
2007552
2007553
2007554
2007555
2007556
2007557
2007558
2007559
2007560
2007561
2007562
2007563
2007564
2007565
2007566
2007567
2007568
2007569
2007570
2007571
2007572
2007573
2007574
2007575
2007576
2007577
2007578
2007579
2007580
2007581
2007582
2007583
2007584
2007585
2007586
2007587
2007588
2007589
2007590
2007591
2007592
2007593
2007594
2007595
2007596
2007597
2007598
2007599
2007600
2007601
2007602
2007603
2007604
2007605
2007606
2007607
2007608
2007609
2007610
2007611
2007612
2007613
2007614
2007615
2007616
2007617
2007618
2007619
2007620
2007621
2007622
2007623
2007624
2007625
2007626
2007627
2007628
2007629
2007630
2007631
2007632
2007633
2007634
2007635
2007636
2007637
2007638
2007639
2007640
2007641
2007642
2007643
2007644
2007645
2007646
2007647
2007648
2007649
2007650
2007651
2007652
2007653
2007654
2007655
2007656
2007657
2007658
2007659
2007660
2007661
2007662
2007663
2007664
2007665
2007666
2007667
2007668
2007669
2007670
2007671
2007672
2007673
2007674
2007675
2007676
2007677
2007678
2007679
2007680
2007681
2007682
2007683
2007684
2007685
2007686
2007687
2007688
2007689
2007690
2007691
2007692
2007693
2007694
2007695
2007696
2007697
2007698
2007699
2007700
2007701
2007702
2007703
2007704
2007705
2007706
2007707
2007708
2007709
2007710
2007711
2007712
2007713
2007714
2007715
2007716
2007717
2007718
2007719
2007720
2007721
2007722
2007723
2007724
2007725
2007726
2007727
2007728
2007729
2007730
2007731
2007732
2007733
2007734
2007735
2007736
2007737
2007738
2007739
2007740
2007741
2007742
2007743
2007744
2007745
2007746
2007747
2007748
2007749
2007750
2007751
2007752
2007753
2007754
2007755
2007756
2007757
2007758
2007759
2007760
2007761
2007762
2007763
2007764
2007765
2007766
2007767
2007768
2007769
2007770
2007771
2007772
2007773
2007774
2007775
2007776
2007777
2007778
2007779
2007780
2007781
2007782
2007783
2007784
2007785
2007786
2007787
2007788
2007789
2007790
2007791
2007792
2007793
2007794
2007795
2007796
2007797
2007798
2007799
2007800
2007801
2007802
2007803
2007804
2007805
2007806
2007807
2007808
2007809
2007810
2007811
2007812
2007813
2007814
2007815
2007816
2007817
2007818
2007819
2007820
2007821
2007822
2007823
2007824
2007825
2007826
2007827
2007828
2007829
2007830
2007831
2007832
2007833
2007834
2007835
2007836
2007837
2007838
2007839
2007840
2007841
2007842
2007843
2007844
2007845
2007846
2007847
2007848
2007849
2007850
2007851
2007852
2007853
2007854
2007855
2007856
2007857
2007858
2007859
2007860
2007861
2007862
2007863
2007864
2007865
2007866
2007867
2007868
2007869
2007870
2007871
2007872
2007873
2007874
2007875
2007876
2007877
2007878
2007879
2007880
2007881
2007882
2007883
2007884
2007885
2007886
2007887
2007888
2007889
2007890
2007891
2007892
2007893
2007894
2007895
2007896
2007897
2007898
2007899
2007900
2007901
2007902
2007903
2007904
2007905
2007906
2007907
2007908
2007909
2007910
2007911
2007912
2007913
2007914
2007915
2007916
2007917
2007918
2007919
2007920
2007921
2007922
2007923
2007924
2007925
2007926
2007927
2007928
2007929
2007930
2007931
2007932
2007933
2007934
2007935
2007936
2007937
2007938
2007939
2007940
2007941
2007942
2007943
2007944
2007945
2007946
2007947
2007948
2007949
2007950
2007951
2007952
2007953
2007954
2007955
2007956
2007957
2007958
2007959
2007960
2007961
2007962
2007963
2007964
2007965
2007966
2007967
2007968
2007969
2007970
2007971
2007972
2007973
2007974
2007975
2007976
2007977
2007978
2007979
2007980
2007981
2007982
2007983
2007984
2007985
2007986
2007987
2007988
2007989
2007990
2007991
2007992
2007993
2007994
2007995
2007996
2007997
2007998
2007999
2008000
2008001
2008002
2008003
2008004
2008005
2008006
2008007
2008008
2008009
2008010
2008011
2008012
2008013
2008014
2008015
2008016
2008017
2008018
2008019
2008020
2008021
2008022
2008023
2008024
2008025
2008026
2008027
2008028
2008029
2008030
2008031
2008032
2008033
2008034
2008035
2008036
2008037
2008038
2008039
2008040
2008041
2008042
2008043
2008044
2008045
2008046
2008047
2008048
2008049
2008050
2008051
2008052
2008053
2008054
2008055
2008056
2008057
2008058
2008059
2008060
2008061
2008062
2008063
2008064
2008065
2008066
2008067
2008068
2008069
2008070
2008071
2008072
2008073
2008074
2008075
2008076
2008077
2008078
2008079
2008080
2008081
2008082
2008083
2008084
2008085
2008086
2008087
2008088
2008089
2008090
2008091
2008092
2008093
2008094
2008095
2008096
2008097
2008098
2008099
2008100
2008101
2008102
2008103
2008104
2008105
2008106
2008107
2008108
2008109
2008110
2008111
2008112
2008113
2008114
2008115
2008116
2008117
2008118
2008119
2008120
2008121
2008122
2008123
2008124
2008125
2008126
2008127
2008128
2008129
2008130
2008131
2008132
2008133
2008134
2008135
2008136
2008137
2008138
2008139
2008140
2008141
2008142
2008143
2008144
2008145
2008146
2008147
2008148
2008149
2008150
2008151
2008152
2008153
2008154
2008155
2008156
2008157
2008158
2008159
2008160
2008161
2008162
2008163
2008164
2008165
2008166
2008167
2008168
2008169
2008170
2008171
2008172
2008173
2008174
2008175
2008176
2008177
2008178
2008179
2008180
2008181
2008182
2008183
2008184
2008185
2008186
2008187
2008188
2008189
2008190
2008191
2008192
2008193
2008194
2008195
2008196
2008197
2008198
2008199
2008200
2008201
2008202
2008203
2008204
2008205
2008206
2008207
2008208
2008209
2008210
2008211
2008212
2008213
2008214
2008215
2008216
2008217
2008218
2008219
2008220
2008221
2008222
2008223
2008224
2008225
2008226
2008227
2008228
2008229
2008230
2008231
2008232
2008233
2008234
2008235
2008236
2008237
2008238
2008239
2008240
2008241
2008242
2008243
2008244
2008245
2008246
2008247
2008248
2008249
2008250
2008251
2008252
2008253
2008254
2008255
2008256
2008257
2008258
2008259
2008260
2008261
2008262
2008263
2008264
2008265
2008266
2008267
2008268
2008269
2008270
2008271
2008272
2008273
2008274
2008275
2008276
2008277
2008278
2008279
2008280
2008281
2008282
2008283
2008284
2008285
2008286
2008287
2008288
2008289
2008290
2008291
2008292
2008293
2008294
2008295
2008296
2008297
2008298
2008299
2008300
2008301
2008302
2008303
2008304
2008305
2008306
2008307
2008308
2008309
2008310
2008311
2008312
2008313
2008314
2008315
2008316
2008317
2008318
2008319
2008320
2008321
2008322
2008323
2008324
2008325
2008326
2008327
2008328
2008329
2008330
2008331
2008332
2008333
2008334
2008335
2008336
2008337
2008338
2008339
2008340
2008341
2008342
2008343
2008344
2008345
2008346
2008347
2008348
2008349
2008350
2008351
2008352
2008353
2008354
2008355
2008356
2008357
2008358
2008359
2008360
2008361
2008362
2008363
2008364
2008365
2008366
2008367
2008368
2008369
2008370
2008371
2008372
2008373
2008374
2008375
2008376
2008377
2008378
2008379
2008380
2008381
2008382
2008383
2008384
2008385
2008386
2008387
2008388
2008389
2008390
2008391
2008392
2008393
2008394
2008395
2008396
2008397
2008398
2008399
2008400
2008401
2008402
2008403
2008404
2008405
2008406
2008407
2008408
2008409
2008410
2008411
2008412
2008413
2008414
2008415
2008416
2008417
2008418
2008419
2008420
2008421
2008422
2008423
2008424
2008425
2008426
2008427
2008428
2008429
2008430
2008431
2008432
2008433
2008434
2008435
2008436
2008437
2008438
2008439
2008440
2008441
2008442
2008443
2008444
2008445
2008446
2008447
2008448
2008449
2008450
2008451
2008452
2008453
2008454
2008455
2008456
2008457
2008458
2008459
2008460
2008461
2008462
2008463
2008464
2008465
2008466
2008467
2008468
2008469
2008470
2008471
2008472
2008473
2008474
2008475
2008476
2008477
2008478
2008479
2008480
2008481
2008482
2008483
2008484
2008485
2008486
2008487
2008488
2008489
2008490
2008491
2008492
2008493
2008494
2008495
2008496
2008497
2008498
2008499
2008500
2008501
2008502
2008503
2008504
2008505
2008506
2008507
2008508
2008509
2008510
2008511
2008512
2008513
2008514
2008515
2008516
2008517
2008518
2008519
2008520
2008521
2008522
2008523
2008524
2008525
2008526
2008527
2008528
2008529
2008530
2008531
2008532
2008533
2008534
2008535
2008536
2008537
2008538
2008539
2008540
2008541
2008542
2008543
2008544
2008545
2008546
2008547
2008548
2008549
2008550
2008551
2008552
2008553
2008554
2008555
2008556
2008557
2008558
2008559
2008560
2008561
2008562
2008563
2008564
2008565
2008566
2008567
2008568
2008569
2008570
2008571
2008572
2008573
2008574
2008575
2008576
2008577
2008578
2008579
2008580
2008581
2008582
2008583
2008584
2008585
2008586
2008587
2008588
2008589
2008590
2008591
2008592
2008593
2008594
2008595
2008596
2008597
2008598
2008599
2008600
2008601
2008602
2008603
2008604
2008605
2008606
2008607
2008608
2008609
2008610
2008611
2008612
2008613
2008614
2008615
2008616
2008617
2008618
2008619
2008620
2008621
2008622
2008623
2008624
2008625
2008626
2008627
2008628
2008629
2008630
2008631
2008632
2008633
2008634
2008635
2008636
2008637
2008638
2008639
2008640
2008641
2008642
2008643
2008644
2008645
2008646
2008647
2008648
2008649
2008650
2008651
2008652
2008653
2008654
2008655
2008656
2008657
2008658
2008659
2008660
2008661
2008662
2008663
2008664
2008665
2008666
2008667
2008668
2008669
2008670
2008671
2008672
2008673
2008674
2008675
2008676
2008677
2008678
2008679
2008680
2008681
2008682
2008683
2008684
2008685
2008686
2008687
2008688
2008689
2008690
2008691
2008692
2008693
2008694
2008695
2008696
2008697
2008698
2008699
2008700
2008701
2008702
2008703
2008704
2008705
2008706
2008707
2008708
2008709
2008710
2008711
2008712
2008713
2008714
2008715
2008716
2008717
2008718
2008719
2008720
2008721
2008722
2008723
2008724
2008725
2008726
2008727
2008728
2008729
2008730
2008731
2008732
2008733
2008734
2008735
2008736
2008737
2008738
2008739
2008740
2008741
2008742
2008743
2008744
2008745
2008746
2008747
2008748
2008749
2008750
2008751
2008752
2008753
2008754
2008755
2008756
2008757
2008758
2008759
2008760
2008761
2008762
2008763
2008764
2008765
2008766
2008767
2008768
2008769
2008770
2008771
2008772
2008773
2008774
2008775
2008776
2008777
2008778
2008779
2008780
2008781
2008782
2008783
2008784
2008785
2008786
2008787
2008788
2008789
2008790
2008791
2008792
2008793
2008794
2008795
2008796
2008797
2008798
2008799
2008800
2008801
2008802
2008803
2008804
2008805
2008806
2008807
2008808
2008809
2008810
2008811
2008812
2008813
2008814
2008815
2008816
2008817
2008818
2008819
2008820
2008821
2008822
2008823
2008824
2008825
2008826
2008827
2008828
2008829
2008830
2008831
2008832
2008833
2008834
2008835
2008836
2008837
2008838
2008839
2008840
2008841
2008842
2008843
2008844
2008845
2008846
2008847
2008848
2008849
2008850
2008851
2008852
2008853
2008854
2008855
2008856
2008857
2008858
2008859
2008860
2008861
2008862
2008863
2008864
2008865
2008866
2008867
2008868
2008869
2008870
2008871
2008872
2008873
2008874
2008875
2008876
2008877
2008878
2008879
2008880
2008881
2008882
2008883
2008884
2008885
2008886
2008887
2008888
2008889
2008890
2008891
2008892
2008893
2008894
2008895
2008896
2008897
2008898
2008899
2008900
2008901
2008902
2008903
2008904
2008905
2008906
2008907
2008908
2008909
2008910
2008911
2008912
2008913
2008914
2008915
2008916
2008917
2008918
2008919
2008920
2008921
2008922
2008923
2008924
2008925
2008926
2008927
2008928
2008929
2008930
2008931
2008932
2008933
2008934
2008935
2008936
2008937
2008938
2008939
2008940
2008941
2008942
2008943
2008944
2008945
2008946
2008947
2008948
2008949
2008950
2008951
2008952
2008953
2008954
2008955
2008956
2008957
2008958
2008959
2008960
2008961
2008962
2008963
2008964
2008965
2008966
2008967
2008968
2008969
2008970
2008971
2008972
2008973
2008974
2008975
2008976
2008977
2008978
2008979
2008980
2008981
2008982
2008983
2008984
2008985
2008986
2008987
2008988
2008989
2008990
2008991
2008992
2008993
2008994
2008995
2008996
2008997
2008998
2008999
2009000
2009001
2009002
2009003
2009004
2009005
2009006
2009007
2009008
2009009
2009010
2009011
2009012
2009013
2009014
2009015
2009016
2009017
2009018
2009019
2009020
2009021
2009022
2009023
2009024
2009025
2009026
2009027
2009028
2009029
2009030
2009031
2009032
2009033
2009034
2009035
2009036
2009037
2009038
2009039
2009040
2009041
2009042
2009043
2009044
2009045
2009046
2009047
2009048
2009049
2009050
2009051
2009052
2009053
2009054
2009055
2009056
2009057
2009058
2009059
2009060
2009061
2009062
2009063
2009064
2009065
2009066
2009067
2009068
2009069
2009070
2009071
2009072
2009073
2009074
2009075
2009076
2009077
2009078
2009079
2009080
2009081
2009082
2009083
2009084
2009085
2009086
2009087
2009088
2009089
2009090
2009091
2009092
2009093
2009094
2009095
2009096
2009097
2009098
2009099
2009100
2009101
2009102
2009103
2009104
2009105
2009106
2009107
2009108
2009109
2009110
2009111
2009112
2009113
2009114
2009115
2009116
2009117
2009118
2009119
2009120
2009121
2009122
2009123
2009124
2009125
2009126
2009127
2009128
2009129
2009130
2009131
2009132
2009133
2009134
2009135
2009136
2009137
2009138
2009139
2009140
2009141
2009142
2009143
2009144
2009145
2009146
2009147
2009148
2009149
2009150
2009151
2009152
2009153
2009154
2009155
2009156
2009157
2009158
2009159
2009160
2009161
2009162
2009163
2009164
2009165
2009166
2009167
2009168
2009169
2009170
2009171
2009172
2009173
2009174
2009175
2009176
2009177
2009178
2009179
2009180
2009181
2009182
2009183
2009184
2009185
2009186
2009187
2009188
2009189
2009190
2009191
2009192
2009193
2009194
2009195
2009196
2009197
2009198
2009199
2009200
2009201
2009202
2009203
2009204
2009205
2009206
2009207
2009208
2009209
2009210
2009211
2009212
2009213
2009214
2009215
2009216
2009217
2009218
2009219
2009220
2009221
2009222
2009223
2009224
2009225
2009226
2009227
2009228
2009229
2009230
2009231
2009232
2009233
2009234
2009235
2009236
2009237
2009238
2009239
2009240
2009241
2009242
2009243
2009244
2009245
2009246
2009247
2009248
2009249
2009250
2009251
2009252
2009253
2009254
2009255
2009256
2009257
2009258
2009259
2009260
2009261
2009262
2009263
2009264
2009265
2009266
2009267
2009268
2009269
2009270
2009271
2009272
2009273
2009274
2009275
2009276
2009277
2009278
2009279
2009280
2009281
2009282
2009283
2009284
2009285
2009286
2009287
2009288
2009289
2009290
2009291
2009292
2009293
2009294
2009295
2009296
2009297
2009298
2009299
2009300
2009301
2009302
2009303
2009304
2009305
2009306
2009307
2009308
2009309
2009310
2009311
2009312
2009313
2009314
2009315
2009316
2009317
2009318
2009319
2009320
2009321
2009322
2009323
2009324
2009325
2009326
2009327
2009328
2009329
2009330
2009331
2009332
2009333
2009334
2009335
2009336
2009337
2009338
2009339
2009340
2009341
2009342
2009343
2009344
2009345
2009346
2009347
2009348
2009349
2009350
2009351
2009352
2009353
2009354
2009355
2009356
2009357
2009358
2009359
2009360
2009361
2009362
2009363
2009364
2009365
2009366
2009367
2009368
2009369
2009370
2009371
2009372
2009373
2009374
2009375
2009376
2009377
2009378
2009379
2009380
2009381
2009382
2009383
2009384
2009385
2009386
2009387
2009388
2009389
2009390
2009391
2009392
2009393
2009394
2009395
2009396
2009397
2009398
2009399
2009400
2009401
2009402
2009403
2009404
2009405
2009406
2009407
2009408
2009409
2009410
2009411
2009412
2009413
2009414
2009415
2009416
2009417
2009418
2009419
2009420
2009421
2009422
2009423
2009424
2009425
2009426
2009427
2009428
2009429
2009430
2009431
2009432
2009433
2009434
2009435
2009436
2009437
2009438
2009439
2009440
2009441
2009442
2009443
2009444
2009445
2009446
2009447
2009448
2009449
2009450
2009451
2009452
2009453
2009454
2009455
2009456
2009457
2009458
2009459
2009460
2009461
2009462
2009463
2009464
2009465
2009466
2009467
2009468
2009469
2009470
2009471
2009472
2009473
2009474
2009475
2009476
2009477
2009478
2009479
2009480
2009481
2009482
2009483
2009484
2009485
2009486
2009487
2009488
2009489
2009490
2009491
2009492
2009493
2009494
2009495
2009496
2009497
2009498
2009499
2009500
2009501
2009502
2009503
2009504
2009505
2009506
2009507
2009508
2009509
2009510
2009511
2009512
2009513
2009514
2009515
2009516
2009517
2009518
2009519
2009520
2009521
2009522
2009523
2009524
2009525
2009526
2009527
2009528
2009529
2009530
2009531
2009532
2009533
2009534
2009535
2009536
2009537
2009538
2009539
2009540
2009541
2009542
2009543
2009544
2009545
2009546
2009547
2009548
2009549
2009550
2009551
2009552
2009553
2009554
2009555
2009556
2009557
2009558
2009559
2009560
2009561
2009562
2009563
2009564
2009565
2009566
2009567
2009568
2009569
2009570
2009571
2009572
2009573
2009574
2009575
2009576
2009577
2009578
2009579
2009580
2009581
2009582
2009583
2009584
2009585
2009586
2009587
2009588
2009589
2009590
2009591
2009592
2009593
2009594
2009595
2009596
2009597
2009598
2009599
2009600
2009601
2009602
2009603
2009604
2009605
2009606
2009607
2009608
2009609
2009610
2009611
2009612
2009613
2009614
2009615
2009616
2009617
2009618
2009619
2009620
2009621
2009622
2009623
2009624
2009625
2009626
2009627
2009628
2009629
2009630
2009631
2009632
2009633
2009634
2009635
2009636
2009637
2009638
2009639
2009640
2009641
2009642
2009643
2009644
2009645
2009646
2009647
2009648
2009649
2009650
2009651
2009652
2009653
2009654
2009655
2009656
2009657
2009658
2009659
2009660
2009661
2009662
2009663
2009664
2009665
2009666
2009667
2009668
2009669
2009670
2009671
2009672
2009673
2009674
2009675
2009676
2009677
2009678
2009679
2009680
2009681
2009682
2009683
2009684
2009685
2009686
2009687
2009688
2009689
2009690
2009691
2009692
2009693
2009694
2009695
2009696
2009697
2009698
2009699
2009700
2009701
2009702
2009703
2009704
2009705
2009706
2009707
2009708
2009709
2009710
2009711
2009712
2009713
2009714
2009715
2009716
2009717
2009718
2009719
2009720
2009721
2009722
2009723
2009724
2009725
2009726
2009727
2009728
2009729
2009730
2009731
2009732
2009733
2009734
2009735
2009736
2009737
2009738
2009739
2009740
2009741
2009742
2009743
2009744
2009745
2009746
2009747
2009748
2009749
2009750
2009751
2009752
2009753
2009754
2009755
2009756
2009757
2009758
2009759
2009760
2009761
2009762
2009763
2009764
2009765
2009766
2009767
2009768
2009769
2009770
2009771
2009772
2009773
2009774
2009775
2009776
2009777
2009778
2009779
2009780
2009781
2009782
2009783
2009784
2009785
2009786
2009787
2009788
2009789
2009790
2009791
2009792
2009793
2009794
2009795
2009796
2009797
2009798
2009799
2009800
2009801
2009802
2009803
2009804
2009805
2009806
2009807
2009808
2009809
2009810
2009811
2009812
2009813
2009814
2009815
2009816
2009817
2009818
2009819
2009820
2009821
2009822
2009823
2009824
2009825
2009826
2009827
2009828
2009829
2009830
2009831
2009832
2009833
2009834
2009835
2009836
2009837
2009838
2009839
2009840
2009841
2009842
2009843
2009844
2009845
2009846
2009847
2009848
2009849
2009850
2009851
2009852
2009853
2009854
2009855
2009856
2009857
2009858
2009859
2009860
2009861
2009862
2009863
2009864
2009865
2009866
2009867
2009868
2009869
2009870
2009871
2009872
2009873
2009874
2009875
2009876
2009877
2009878
2009879
2009880
2009881
2009882
2009883
2009884
2009885
2009886
2009887
2009888
2009889
2009890
2009891
2009892
2009893
2009894
2009895
2009896
2009897
2009898
2009899
2009900
2009901
2009902
2009903
2009904
2009905
2009906
2009907
2009908
2009909
2009910
2009911
2009912
2009913
2009914
2009915
2009916
2009917
2009918
2009919
2009920
2009921
2009922
2009923
2009924
2009925
2009926
2009927
2009928
2009929
2009930
2009931
2009932
2009933
2009934
2009935
2009936
2009937
2009938
2009939
2009940
2009941
2009942
2009943
2009944
2009945
2009946
2009947
2009948
2009949
2009950
2009951
2009952
2009953
2009954
2009955
2009956
2009957
2009958
2009959
2009960
2009961
2009962
2009963
2009964
2009965
2009966
2009967
2009968
2009969
2009970
2009971
2009972
2009973
2009974
2009975
2009976
2009977
2009978
2009979
2009980
2009981
2009982
2009983
2009984
2009985
2009986
2009987
2009988
2009989
2009990
2009991
2009992
2009993
2009994
2009995
2009996
2009997
2009998
2009999
2010000
